1.000000 0.698095 0.178102
0.000000 0.516775 0.178102
1.000000 0.361542 0.178102
0.000000 0.743859 0.178102
0.000000 0.549932 0.178102
1.000000 0.308290 0.178102
0.000000 0.636462 0.178102
1.000000 0.625887 0.178102
1.000000 0.345963 0.178102
1.000000 0.301822 0.178102
1.000000 0.648403 0.460096
1.000000 0.645217 0.460096
1.000000 0.665735 0.460096
1.000000 0.657825 0.460096
1.000000 0.686739 0.460096
1.000000 0.394644 0.460096
1.000000 0.599911 0.460096
1.000000 0.573198 0.460096
0.000000 0.559670 0.460096
1.000000 0.606242 0.460096
1.000000 0.544376 0.333504
0.000000 0.716991 0.333504
0.000000 0.488896 0.333504
0.000000 0.725052 0.333504
0.000000 0.432437 0.333504
1.000000 0.567216 0.333504
0.000000 0.644278 0.333504
0.000000 0.438564 0.333504
0.000000 0.296811 0.333504
1.000000 0.427414 0.333504
1.000000 0.730245 0.682261
1.000000 0.695249 0.682261
1.000000 0.329007 0.682261
0.000000 0.529459 0.682261
1.000000 0.400914 0.682261
0.000000 0.609253 0.682261
0.000000 0.740728 0.682261
0.000000 0.287128 0.682261
0.000000 0.537825 0.682261
0.000000 0.638682 0.682261
0.000000 0.522732 0.495383
0.000000 0.561600 0.495383
1.000000 0.269570 0.495383
1.000000 0.415163 0.495383
1.000000 0.502981 0.495383
1.000000 0.565434 0.495383
1.000000 0.292490 0.495383
1.000000 0.452412 0.495383
1.000000 0.572189 0.495383
0.000000 0.427647 0.495383
1.000000 0.697419 0.095055
0.000000 0.281910 0.095055
0.000000 0.660136 0.095055
1.000000 0.402485 0.095055
1.000000 0.310019 0.095055
1.000000 0.547962 0.095055
0.000000 0.425307 0.095055
0.000000 0.639293 0.095055
1.000000 0.553054 0.095055
1.000000 0.325709 0.095055
0.000000 0.525047 0.448029
1.000000 0.646616 0.448029
1.000000 0.662742 0.448029
1.000000 0.670845 0.448029
1.000000 0.450554 0.448029
1.000000 0.326932 0.448029
1.000000 0.641030 0.448029
1.000000 0.424617 0.448029
0.000000 0.305072 0.448029
1.000000 0.719264 0.448029
0.000000 0.419088 0.537628
1.000000 0.498312 0.537628
1.000000 0.413150 0.537628
0.000000 0.253766 0.537628
1.000000 0.251820 0.537628
1.000000 0.695113 0.537628
0.000000 0.285002 0.537628
1.000000 0.745795 0.537628
0.000000 0.340834 0.537628
0.000000 0.554046 0.537628
1.000000 0.651187 0.583100
0.000000 0.332663 0.583100
0.000000 0.573076 0.583100
1.000000 0.590562 0.583100
0.000000 0.413673 0.583100
1.000000 0.421849 0.583100
1.000000 0.595236 0.583100
1.000000 0.294482 0.583100
1.000000 0.520431 0.583100
1.000000 0.743799 0.583100
1.000000 0.425729 0.298106
1.000000 0.278557 0.298106
0.000000 0.472162 0.298106
0.000000 0.464148 0.298106
1.000000 0.487834 0.298106
0.000000 0.475786 0.298106
0.000000 0.434424 0.298106
1.000000 0.590148 0.298106
0.000000 0.714126 0.298106
1.000000 0.553440 0.298106